0 0.912902 0.592708 0.081539 0.055694
0 0.429992 0.570083 0.033141 0.064833
0 0.430824 0.509500 0.046836 0.076667
0 0.372875 0.475951 0.038469 0.042819
0 0.399430 0.414222 0.036141 0.035722
0 0.264176 0.486632 0.034148 0.039236
0 0.289879 0.438264 0.038805 0.038694
0 0.261168 0.455465 0.032820 0.036292
0 0.259008 0.407944 0.031828 0.029111
0 0.212918 0.404979 0.021820 0.021986
0 0.273855 0.399340 0.017445 0.020208
0 0.333816 0.486021 0.042555 0.046042
0 0.322051 0.417250 0.041477 0.034167
0 0.251699 0.551090 0.041086 0.049458
0 0.328020 0.541375 0.038570 0.062972
0 0.897281 0.460250 0.070922 0.064389
0 0.301063 0.596229 0.042797 0.074347
0 0.544289 0.733528 0.073797 0.110306
0 0.748547 0.577972 0.070609 0.064361
0 0.737738 0.492535 0.051555 0.051847
0 0.293238 0.778486 0.072430 0.150000
0 0.195922 0.388819 0.021406 0.022528
0 0.917230 0.542410 0.071789 0.053236
0 0.729563 0.792951 0.121656 0.182514
0 0.508508 0.563403 0.054641 0.063167
0 0.292590 0.508403 0.037008 0.058472
