0 0.622020 0.867493 0.125648 0.190014
0 0.187293 0.417979 0.030086 0.031764
0 0.189328 0.447500 0.036469 0.044583
0 0.212969 0.396424 0.033594 0.030764
0 0.249031 0.402424 0.026938 0.024875
0 0.283344 0.402701 0.025344 0.025431
0 0.301723 0.423556 0.023117 0.027611
0 0.342781 0.432021 0.026000 0.026792
0 0.361945 0.409681 0.024703 0.025639
0 0.387953 0.428729 0.030656 0.032819
0 0.372563 0.508924 0.041375 0.054875
0 0.321367 0.474743 0.036469 0.054875
0 0.274418 0.492229 0.036477 0.054875
0 0.959688 0.617271 0.080625 0.098597
0 0.567648 0.521674 0.055547 0.045014
0 0.258871 0.546056 0.041852 0.098833
0 0.682031 0.497563 0.052500 0.052875
0 0.800590 0.506889 0.063258 0.047667
0 0.778430 0.655236 0.084578 0.071583
0 0.332496 0.536979 0.043039 0.062375
0 0.301055 0.650069 0.051656 0.093056
0 0.424316 0.566549 0.052336 0.080403
0 0.821996 0.559021 0.068773 0.055764
0 0.709703 0.551840 0.060687 0.062014
0 0.565004 0.473986 0.051898 0.048528
