0 0.628617 0.510549 0.052250 0.047597
0 0.369398 0.587653 0.046719 0.076750
0 0.443539 0.502944 0.049437 0.066778
0 0.401004 0.677424 0.060992 0.114903
0 0.657918 0.699174 0.088586 0.113542
0 0.308668 0.521285 0.039961 0.057486
0 0.650879 0.573160 0.051320 0.038792
0 0.920125 0.651618 0.100234 0.102764
0 0.766156 0.642278 0.077375 0.085111
0 0.498109 0.628722 0.066484 0.102194
0 0.597602 0.826569 0.094047 0.139778
0 0.467336 0.447451 0.040328 0.032958
0 0.543055 0.504521 0.048609 0.054847
0 0.418750 0.435208 0.039375 0.033750
0 0.347070 0.423229 0.027016 0.027069
0 0.876391 0.931986 0.153937 0.136028
0 0.703094 0.503056 0.055063 0.070000
0 0.373961 0.518833 0.044734 0.055389
0 0.378789 0.476965 0.038359 0.040514
0 0.331891 0.483528 0.043406 0.042944
0 0.257051 0.478764 0.036680 0.048861
0 0.248863 0.444333 0.031648 0.031056
0 0.197273 0.449375 0.019984 0.032917
0 0.294828 0.418125 0.028000 0.019583
0 0.261762 0.414757 0.019758 0.019931
0 0.217246 0.406569 0.017039 0.020417
0 0.237070 0.403250 0.018047 0.020417
0 0.189426 0.393931 0.017039 0.020417
0 0.173211 0.400139 0.017047 0.020417
0 0.347211 0.403208 0.034016 0.023917
0 0.406738 0.413215 0.031523 0.024208
0 0.466254 0.418563 0.034055 0.030181
0 0.542102 0.456514 0.051422 0.038306
0 0.231539 0.918542 0.125359 0.162917
0 0.531559 0.582611 0.053758 0.069028
0 0.661406 0.967639 0.113438 0.064722
