0 0.515496 0.429528 0.046836 0.054000
0 0.662813 0.471125 0.043594 0.042472
0 0.543313 0.583500 0.058844 0.084667
0 0.461367 0.521417 0.050078 0.066056
0 0.326820 0.539708 0.039484 0.062472
0 0.254797 0.404396 0.022750 0.023792
0 0.262328 0.416292 0.024875 0.021472
0 0.226125 0.407097 0.020563 0.021083
0 0.296730 0.404604 0.028961 0.022236
0 0.269355 0.436583 0.032852 0.027944
0 0.230922 0.469986 0.031125 0.032806
0 0.236355 0.444111 0.031977 0.031500
0 0.274418 0.464771 0.036945 0.032958
0 0.339125 0.417056 0.029594 0.027500
0 0.403227 0.449181 0.033641 0.031417
0 0.369551 0.440271 0.025586 0.029708
0 0.990824 0.642319 0.018023 0.057972
0 0.623305 0.679708 0.078016 0.101861
0 0.292566 0.503799 0.040148 0.049764
0 0.552844 0.472118 0.052297 0.055625
0 0.262273 0.898542 0.121719 0.191667
0 0.778332 0.642958 0.087617 0.117111
0 0.842543 0.615944 0.072773 0.069472
0 0.616543 0.497646 0.051570 0.059653
0 0.285625 0.625569 0.053938 0.103528
0 0.736105 0.518403 0.052773 0.050639
0 0.700043 0.537701 0.057023 0.058625
0 0.476270 0.632667 0.059898 0.081889
0 0.438328 0.581743 0.048578 0.062819
0 0.323801 0.447188 0.038867 0.046069
0 0.385477 0.484444 0.039516 0.041667
0 0.379473 0.512313 0.046836 0.068431
0 0.462941 0.449799 0.037555 0.040958
