0 0.190547 0.397451 0.020938 0.022597
0 0.264730 0.411847 0.023977 0.024528
0 0.238227 0.410889 0.027391 0.025667
0 0.427180 0.432917 0.037172 0.047556
0 0.395520 0.448076 0.037961 0.031069
0 0.594711 0.460299 0.032859 0.052458
0 0.476637 0.608472 0.065008 0.095278
0 0.377711 0.614965 0.061141 0.097292
0 0.554453 0.469653 0.053906 0.058194
0 0.325598 0.423368 0.033336 0.022847
0 0.275813 0.707993 0.062688 0.101264
0 0.271941 0.832722 0.080508 0.161889
0 0.686523 0.742688 0.090188 0.116347
0 0.497332 0.481389 0.042758 0.038750
0 0.462691 0.949444 0.114289 0.095083
0 0.762918 0.409319 0.037430 0.050444
0 0.965617 0.707667 0.064375 0.065278
0 0.608117 0.889674 0.110719 0.182292
0 0.768801 0.568944 0.067367 0.067306
0 0.814422 0.519597 0.059906 0.057917
0 0.772852 0.652861 0.078312 0.090583
0 0.635223 0.557438 0.058961 0.051931
0 0.305887 0.468951 0.038383 0.034597
0 0.272445 0.489319 0.038859 0.037194
0 0.238035 0.532986 0.036898 0.050139
0 0.318633 0.405354 0.025703 0.016819
