0 0.360766 0.419632 0.021750 0.020181
0 0.347031 0.432208 0.034687 0.028917
0 0.428301 0.503729 0.044805 0.053097
0 0.367949 0.511507 0.046836 0.059764
0 0.451562 0.959167 0.118281 0.081667
0 0.734492 0.621472 0.069453 0.071556
0 0.560852 0.510090 0.048672 0.048569
0 0.289469 0.501903 0.037484 0.041806
0 0.227262 0.470313 0.069102 0.060264
0 0.779273 0.545604 0.044672 0.039958
0 0.745027 0.559569 0.055695 0.054778
0 0.396125 0.691528 0.059344 0.093444
0 0.659371 0.514181 0.059820 0.047861
0 0.240484 0.466326 0.041906 0.049708
0 0.502387 0.554028 0.049195 0.056472
0 0.267316 0.539250 0.040164 0.069194
0 0.620637 0.550562 0.052273 0.055542
0 0.866848 0.720812 0.096039 0.097514
0 0.218449 0.401431 0.025773 0.032028
0 0.195645 0.433785 0.022305 0.031042
0 0.224383 0.425833 0.030703 0.027444
0 0.437117 0.443993 0.029547 0.036069
