0 0.491508 0.462472 0.038531 0.040222
0 0.722699 0.548438 0.064523 0.070153
0 0.595125 0.528715 0.048922 0.060597
0 0.839027 0.618604 0.091758 0.080875
0 0.499820 0.556868 0.065250 0.073042
0 0.532348 0.674667 0.070008 0.105194
0 0.626020 0.499549 0.052102 0.053181
0 0.447813 0.457743 0.046500 0.048264
0 0.440617 0.581764 0.052109 0.067083
0 0.353422 0.465382 0.048797 0.066292
0 0.342871 0.543014 0.040086 0.067778
0 0.290234 0.598194 0.080625 0.166111
0 0.248660 0.519347 0.046117 0.079083
0 0.832598 0.553542 0.080430 0.065694
0 0.518320 0.434576 0.044141 0.054458
0 0.430504 0.422417 0.030867 0.029611
0 0.382836 0.422889 0.021359 0.027000
0 0.325062 0.418681 0.027062 0.026528
0 0.253633 0.458125 0.033828 0.036250
0 0.243883 0.428181 0.035828 0.036694
0 0.285176 0.402479 0.027617 0.026986
0 0.200230 0.399160 0.021883 0.023903
0 0.216953 0.398465 0.013906 0.022514
0 0.178031 0.394069 0.013969 0.016250
0 0.971066 0.725069 0.057867 0.101528
