0 0.673359 0.963333 0.113438 0.073333
0 0.284836 0.629403 0.048453 0.081028
0 0.273332 0.591069 0.038805 0.062694
0 0.329906 0.546250 0.044406 0.065000
0 0.341262 0.490750 0.041070 0.058500
0 0.346789 0.469986 0.038766 0.030028
0 0.237238 0.522222 0.039430 0.051389
0 0.203187 0.475861 0.031437 0.047722
0 0.240902 0.468160 0.032727 0.040625
0 0.264637 0.449194 0.037445 0.041889
0 0.216387 0.439111 0.026445 0.031222
0 0.262445 0.411486 0.023703 0.027028
0 0.312539 0.416549 0.030391 0.028847
0 0.236418 0.400465 0.025758 0.025181
0 0.190301 0.396069 0.022367 0.022306
0 0.390863 0.440257 0.031398 0.035875
0 0.378848 0.424535 0.030742 0.023431
0 0.442434 0.464361 0.038727 0.040722
0 0.471012 0.426222 0.047977 0.047833
0 0.536602 0.437986 0.039453 0.038472
0 0.498937 0.483201 0.048453 0.049153
0 0.979398 0.580125 0.041125 0.071694
0 0.936516 0.692208 0.085641 0.076556
0 0.610254 0.474090 0.050336 0.051625
0 0.596523 0.529813 0.038641 0.048931
0 0.397578 0.657521 0.069687 0.137236
0 0.929129 0.608486 0.083602 0.075306
0 0.676910 0.580743 0.062211 0.066819
0 0.522504 0.693181 0.066523 0.116250
0 0.682719 0.721694 0.086203 0.128083
0 0.811191 0.676153 0.085023 0.082917
0 0.543641 0.582229 0.069906 0.101653
0 0.447281 0.573403 0.053781 0.065833
0 0.663152 0.476292 0.043758 0.030861
0 0.282738 0.782708 0.078508 0.169556
0 0.873918 0.962799 0.114195 0.074403
