0 0.273965 0.839493 0.085648 0.135764
0 0.423809 0.421687 0.037070 0.034153
0 0.382117 0.624201 0.050766 0.077236
0 0.239656 0.521167 0.040266 0.063167
0 0.307414 0.529340 0.047016 0.072653
0 0.861391 0.703118 0.106219 0.092653
0 0.507133 0.463604 0.040359 0.039708
0 0.663984 0.518403 0.052031 0.053750
0 0.336277 0.428833 0.023227 0.023500
0 0.985582 0.639264 0.028383 0.081583
0 0.632660 0.561507 0.051570 0.050625
0 0.566754 0.443285 0.041320 0.037986
0 0.563031 0.487326 0.044656 0.042569
0 0.340719 0.410646 0.028609 0.019792
0 0.596719 0.642222 0.068438 0.090833
0 0.434141 0.899097 0.104375 0.199306
0 0.252652 0.404771 0.027133 0.025125
0 0.231691 0.398972 0.022617 0.025194
0 0.188926 0.396125 0.022867 0.025583
0 0.294781 0.467562 0.042687 0.042736
0 0.344199 0.493125 0.040352 0.044306
0 0.189766 0.474271 0.019609 0.044486
0 0.194680 0.445701 0.017625 0.037986
0 0.853082 0.942514 0.107055 0.108250
0 0.830715 0.612056 0.071617 0.062139
