0 0.502848 0.649896 0.069930 0.107847
0 0.555629 0.460847 0.035242 0.038972
0 0.282715 0.652715 0.056102 0.099875
0 0.245195 0.468882 0.037844 0.045958
0 0.352063 0.438153 0.024984 0.019639
0 0.825617 0.553174 0.072453 0.071042
0 0.765852 0.602361 0.068687 0.075500
0 0.559059 0.775174 0.082117 0.124764
0 0.835090 0.689382 0.090305 0.084542
0 0.972438 0.720139 0.055125 0.089722
0 0.622211 0.451243 0.048031 0.033069
0 0.628812 0.478639 0.051750 0.034944
0 0.614680 0.502979 0.048922 0.043764
0 0.216219 0.391403 0.013672 0.019639
0 0.199734 0.394181 0.024984 0.019639
0 0.322969 0.419750 0.030781 0.024500
0 0.302996 0.400694 0.028227 0.021667
0 0.272465 0.405701 0.027727 0.021375
0 0.384172 0.482861 0.043688 0.044000
0 0.315000 0.478958 0.040937 0.028750
0 0.262195 0.547222 0.041078 0.063333
0 0.222949 0.931153 0.125586 0.137694
0 0.430395 0.947708 0.132805 0.104583
0 0.460297 0.469479 0.035031 0.034653
0 0.390730 0.431271 0.032867 0.023847
0 0.323359 0.527035 0.047531 0.068514
0 0.483672 0.455278 0.035781 0.026389
