0 0.850078 0.562396 0.061766 0.079153
0 0.276934 0.604681 0.046836 0.076667
0 0.785410 0.561993 0.099039 0.095264
0 0.718422 0.604090 0.064609 0.080347
0 0.169465 0.398208 0.016539 0.019139
0 0.184313 0.389021 0.017938 0.019153
0 0.212477 0.397424 0.023469 0.032097
0 0.249426 0.397986 0.026930 0.024861
0 0.373516 0.440542 0.032656 0.031972
0 0.407168 0.433868 0.031836 0.031958
0 0.815977 0.920840 0.151641 0.158319
0 0.432277 0.936299 0.137211 0.123153
0 0.773793 0.422778 0.046836 0.046389
0 0.479949 0.437576 0.034320 0.032625
0 0.345348 0.488722 0.044617 0.058111
0 0.264164 0.482118 0.042141 0.056736
0 0.306184 0.413299 0.020102 0.019597
0 0.613719 0.476444 0.036594 0.034639
0 0.528711 0.726479 0.068359 0.103097
0 0.575605 0.480167 0.052039 0.051056
0 0.386320 0.626479 0.060344 0.094069
0 0.456922 0.587201 0.055906 0.070347
0 0.257836 0.552639 0.039172 0.058056
0 0.452797 0.519736 0.045656 0.057194
0 0.482730 0.469792 0.041102 0.041528
0 0.583949 0.525660 0.046852 0.049569
