0 0.246949 0.907264 0.098727 0.153556
0 0.409402 0.675194 0.059086 0.113833
0 0.284801 0.690958 0.060633 0.132806
0 0.340656 0.542938 0.051359 0.061986
0 0.850840 0.694007 0.089523 0.083181
0 0.521508 0.653722 0.071312 0.110250
0 0.267227 0.587076 0.047422 0.076542
0 0.700340 0.598917 0.066695 0.071306
0 0.236750 0.519229 0.036469 0.054875
0 0.264766 0.483535 0.036469 0.054875
0 0.230762 0.452618 0.036477 0.054875
0 0.243324 0.410042 0.029914 0.028806
0 0.263621 0.396625 0.021820 0.022583
0 0.209504 0.404507 0.022555 0.025986
0 0.226121 0.388375 0.022555 0.029472
0 0.311730 0.403875 0.026070 0.021972
0 0.371617 0.408313 0.031453 0.026708
0 0.576258 0.483083 0.050875 0.052889
0 0.877773 0.645674 0.082687 0.071264
0 0.774734 0.870417 0.118641 0.148306
0 0.456187 0.604014 0.051344 0.077194
0 0.362738 0.434431 0.033586 0.028028
0 0.313277 0.423965 0.028602 0.023764
0 0.420973 0.536361 0.056180 0.081028
0 0.496148 0.545292 0.055047 0.081028
0 0.488012 0.435729 0.034133 0.043264
0 0.443766 0.460104 0.036844 0.041181
0 0.463672 0.447021 0.018750 0.031514
0 0.601262 0.464917 0.031867 0.042556
0 0.669414 0.960243 0.118984 0.079514
0 0.715336 0.513646 0.055375 0.059792
